kp=21.456355402872553;
ki=1.7997429438903432;